0.000000	0.281407
0.100000	0.294725
0.200000	0.308072
0.300000	0.321390
0.400000	0.334622
0.500000	0.347710
0.600000	0.360596
0.700000	0.373224
0.800000	0.385541
0.900000	0.397493
1.000000	0.409033
1.100000	0.420115
1.200000	0.430700
1.300000	0.440751
1.400000	0.450237
1.500000	0.459130
1.600000	0.467410
1.700000	0.475060
1.800000	0.482066
1.900000	0.488422
2.000000	0.494124
2.100000	0.499172
2.200000	0.503571
2.300000	0.507327
2.400000	0.510451
2.500000	0.512956
2.600000	0.514856
2.700000	0.516168
2.800000	0.516912
2.900000	0.517106
3.000000	0.516772
3.100000	0.515930
3.200000	0.514603
3.300000	0.512813
3.400000	0.510583
3.500000	0.507934
3.600000	0.504891
3.700000	0.501474
3.800000	0.497705
3.900000	0.493606
4.000000	0.489198
4.100000	0.484501
4.200000	0.479536
4.300000	0.474321
4.400000	0.468875
4.500000	0.463217
4.600000	0.457364
4.700000	0.451332
4.800000	0.445139
4.900000	0.438800
5.000000	0.432329
5.100000	0.425742
5.200000	0.419052
5.300000	0.412272
5.400000	0.405416
5.500000	0.398496
5.600000	0.391522
5.700000	0.384507
5.800000	0.377460
5.900000	0.370392
6.000000	0.363312
6.100000	0.356230
6.200000	0.349154
6.300000	0.342092
6.400000	0.335052
6.500000	0.328041
6.600000	0.321067
6.700000	0.314135
6.800000	0.307251
6.900000	0.300422
7.000000	0.293652
7.100000	0.286946
7.200000	0.280310
7.300000	0.273746
7.400000	0.267260
7.500000	0.260854
7.600000	0.254532
7.700000	0.248297
7.800000	0.242152
7.900000	0.236098
8.000000	0.230139
8.100000	0.224275
8.200000	0.218509
8.300000	0.212842
8.400000	0.207275
8.500000	0.201809
8.600000	0.196446
8.700000	0.191184
8.800000	0.186026
8.900000	0.180970
9.000000	0.176018
9.100000	0.171169
9.200000	0.166423
9.300000	0.161779
9.400000	0.157238
9.500000	0.152798
9.600000	0.148458
9.700000	0.144219
9.800000	0.140078
9.900000	0.136036
10.000000	0.132091
10.100000	0.128241
10.200000	0.124486
10.300000	0.120825
10.400000	0.117256
10.500000	0.113777
10.600000	0.110388
10.700000	0.107086
10.800000	0.103871
10.900000	0.100741
11.000000	0.097694
11.100000	0.094729
11.200000	0.091845
11.300000	0.089039
11.400000	0.086310
11.500000	0.083657
11.600000	0.081077
11.700000	0.078570
11.800000	0.076134
11.900000	0.073767
12.000000	0.071468
12.100000	0.069235
12.200000	0.067066
12.300000	0.064960
12.400000	0.062916
12.500000	0.060932
12.600000	0.059006
12.700000	0.057138
12.800000	0.055324
12.900000	0.053566
13.000000	0.051859
13.100000	0.050205
13.200000	0.048600
13.300000	0.047044
13.400000	0.045535
13.500000	0.044072
13.600000	0.042654
13.700000	0.041280
13.800000	0.039948
13.900000	0.038658
14.000000	0.037407
14.100000	0.036195
14.200000	0.035022
14.300000	0.033884
14.400000	0.032783
14.500000	0.031716
14.600000	0.030682
14.700000	0.029682
14.800000	0.028713
14.900000	0.027774
15.000000	0.026866
15.100000	0.025986
15.200000	0.025135
15.300000	0.024310
15.400000	0.023512
15.500000	0.022740
15.600000	0.021992
15.700000	0.021269
15.800000	0.020568
15.900000	0.019891
16.000000	0.019235
16.100000	0.018600
16.200000	0.017986
16.300000	0.017392
16.400000	0.016817
16.500000	0.016261
16.600000	0.015723
16.700000	0.015202
16.800000	0.014699
16.900000	0.014212
17.000000	0.013740
17.100000	0.013285
17.200000	0.012844
17.300000	0.012417
17.400000	0.012005
17.500000	0.011606
17.600000	0.011220
17.700000	0.010847
17.800000	0.010486
17.900000	0.010137
18.000000	0.009800
18.100000	0.009473
18.200000	0.009158
18.300000	0.008852
18.400000	0.008557
18.500000	0.008272
18.600000	0.007996
18.700000	0.007729
18.800000	0.007471
18.900000	0.007222
19.000000	0.006981
19.100000	0.006748
19.200000	0.006522
19.300000	0.006305
19.400000	0.006094
19.500000	0.005890
19.600000	0.005693
19.700000	0.005503
19.800000	0.005319
19.900000	0.005141
20.000000	0.004969
20.100000	0.004803
20.200000	0.004642
20.300000	0.004487
20.400000	0.004336
20.500000	0.004191
20.600000	0.004051
20.700000	0.003915
20.800000	0.003784
20.900000	0.003657
21.000000	0.003535
21.100000	0.003416
21.200000	0.003302
21.300000	0.003191
21.400000	0.003084
21.500000	0.002981
21.600000	0.002881
21.700000	0.002784
21.800000	0.002691
21.900000	0.002601
22.000000	0.002514
22.100000	0.002429
22.200000	0.002348
22.300000	0.002269
22.400000	0.002193
22.500000	0.002119
22.600000	0.002048
22.700000	0.001979
22.800000	0.001913
22.900000	0.001849
23.000000	0.001787
23.100000	0.001727
23.200000	0.001669
23.300000	0.001613
23.400000	0.001559
23.500000	0.001506
23.600000	0.001456
23.700000	0.001407
23.800000	0.001360
23.900000	0.001314
24.000000	0.001270
24.100000	0.001227
24.200000	0.001186
24.300000	0.001146
24.400000	0.001108
24.500000	0.001071
24.600000	0.001035
24.700000	0.001000
24.800000	0.000966
24.900000	0.000934
25.000000	0.000902
25.100000	0.000872
25.200000	0.000843
25.300000	0.000814
25.400000	0.000787
25.500000	0.000761
25.600000	0.000735
25.700000	0.000710
25.800000	0.000687
25.900000	0.000663
26.000000	0.000641
26.100000	0.000620
26.200000	0.000599
26.300000	0.000579
26.400000	0.000559
26.500000	0.000540
26.600000	0.000522
26.700000	0.000505
26.800000	0.000488
26.900000	0.000471
27.000000	0.000456
27.100000	0.000440
27.200000	0.000425
27.300000	0.000411
27.400000	0.000397
27.500000	0.000384
27.600000	0.000371
27.700000	0.000359
27.800000	0.000347
27.900000	0.000335
28.000000	0.000324
28.100000	0.000313
28.200000	0.000302
28.300000	0.000292
28.400000	0.000282
28.500000	0.000273
28.600000	0.000264
28.700000	0.000255
28.800000	0.000246
28.900000	0.000238
29.000000	0.000230
29.100000	0.000222
29.200000	0.000215
29.300000	0.000208
29.400000	0.000201
29.500000	0.000194
29.600000	0.000187
29.700000	0.000181
29.800000	0.000175
29.900000	0.000169
30.000000	0.000163
30.100000	0.000158
30.200000	0.000153
30.300000	0.000147
30.400000	0.000142
30.500000	0.000138
30.600000	0.000133
30.700000	0.000129
30.800000	0.000124
30.900000	0.000120
31.000000	0.000116
31.100000	0.000112
31.200000	0.000108
31.300000	0.000105
31.400000	0.000101
31.500000	0.000098
31.600000	0.000095
31.700000	0.000091
31.800000	0.000088
31.900000	0.000085
32.000000	0.000082
32.100000	0.000080
32.200000	0.000077
32.300000	0.000074
32.400000	0.000072
32.500000	0.000069
32.600000	0.000067
32.700000	0.000065
32.800000	0.000063
32.900000	0.000061
33.000000	0.000059
33.100000	0.000057
33.200000	0.000055
33.300000	0.000053
33.400000	0.000051
33.500000	0.000049
33.600000	0.000048
33.700000	0.000046
33.800000	0.000045
33.900000	0.000043
34.000000	0.000042
34.100000	0.000040
34.200000	0.000039
34.300000	0.000038
34.400000	0.000036
34.500000	0.000035
34.600000	0.000034
34.700000	0.000033
34.800000	0.000032
34.900000	0.000031
35.000000	0.000030
35.100000	0.000029
35.200000	0.000028
35.300000	0.000027
35.400000	0.000026
35.500000	0.000025
35.600000	0.000024
35.700000	0.000023
35.800000	0.000022
35.900000	0.000022
36.000000	0.000021
36.100000	0.000020
36.200000	0.000020
36.300000	0.000019
36.400000	0.000018
36.500000	0.000018
36.600000	0.000017
36.700000	0.000017
36.800000	0.000016
36.900000	0.000015
37.000000	0.000015
37.100000	0.000014
37.200000	0.000014
37.300000	0.000013
37.400000	0.000013
37.500000	0.000013
37.600000	0.000012
37.700000	0.000012
37.800000	0.000011
37.900000	0.000011
38.000000	0.000011
38.100000	0.000010
38.200000	0.000010
38.300000	0.000010
38.400000	0.000009
38.500000	0.000009
38.600000	0.000009
38.700000	0.000008
38.800000	0.000008
38.900000	0.000008
39.000000	0.000008
39.100000	0.000007
39.200000	0.000007
39.300000	0.000007
39.400000	0.000007
39.500000	0.000006
39.600000	0.000006
39.700000	0.000006
39.800000	0.000006
39.900000	0.000006
40.000000	0.000005
40.100000	0.000005
40.200000	0.000005
40.300000	0.000005
40.400000	0.000005
40.500000	0.000005
40.600000	0.000004
40.700000	0.000004
40.800000	0.000004
40.900000	0.000004
41.000000	0.000004
41.100000	0.000004
41.200000	0.000004
41.300000	0.000003
41.400000	0.000003
41.500000	0.000003
41.600000	0.000003
41.700000	0.000003
41.800000	0.000003
41.900000	0.000003
42.000000	0.000003
42.100000	0.000003
42.200000	0.000003
42.300000	0.000002
42.400000	0.000002
42.500000	0.000002
42.600000	0.000002
42.700000	0.000002
42.800000	0.000002
42.900000	0.000002
43.000000	0.000002
43.100000	0.000002
43.200000	0.000002
43.300000	0.000002
43.400000	0.000002
43.500000	0.000002
43.600000	0.000002
43.700000	0.000002
43.800000	0.000001
43.900000	0.000001
44.000000	0.000001
44.100000	0.000001
44.200000	0.000001
44.300000	0.000001
44.400000	0.000001
44.500000	0.000001
44.600000	0.000001
44.700000	0.000001
44.800000	0.000001
44.900000	0.000001
45.000000	0.000001
45.100000	0.000001
45.200000	0.000001
45.300000	0.000001
45.400000	0.000001
45.500000	0.000001
45.600000	0.000001
45.700000	0.000001
45.800000	0.000001
45.900000	0.000001
46.000000	0.000001
46.100000	0.000001
46.200000	0.000001
46.300000	0.000001
46.400000	0.000001
46.500000	0.000001
46.600000	0.000001
46.700000	0.000001
46.800000	0.000001
46.900000	0.000001
47.000000	0.000000
47.100000	0.000000
47.200000	0.000000
47.300000	0.000000
47.400000	0.000000
47.500000	0.000000
47.600000	0.000000
47.700000	0.000000
47.800000	0.000000
47.900000	0.000000
48.000000	0.000000
48.100000	0.000000
48.200000	0.000000
48.300000	0.000000
48.400000	0.000000
48.500000	0.000000
48.600000	0.000000
48.700000	0.000000
48.800000	0.000000
48.900000	0.000000
49.000000	0.000000
49.100000	0.000000
49.200000	0.000000
49.300000	0.000000
49.400000	0.000000
49.500000	0.000000
49.600000	0.000000
49.700000	0.000000
49.800000	0.000000
49.900000	0.000000
50.000000	0.000000
50.100000	0.000000
50.200000	0.000000
50.300000	0.000000
50.400000	0.000000
50.500000	0.000000
50.600000	0.000000
50.700000	0.000000
50.800000	0.000000
50.900000	0.000000
51.000000	0.000000
51.100000	0.000000
51.200000	0.000000
51.300000	0.000000
51.400000	0.000000
51.500000	0.000000
51.600000	0.000000
51.700000	0.000000
51.800000	0.000000
51.900000	0.000000
52.000000	0.000000
52.100000	0.000000
52.200000	0.000000
52.300000	0.000000
52.400000	0.000000
52.500000	0.000000
52.600000	0.000000
52.700000	0.000000
52.800000	0.000000
52.900000	0.000000
53.000000	0.000000
53.100000	0.000000
53.200000	0.000000
53.300000	0.000000
53.400000	0.000000
53.500000	0.000000
53.600000	0.000000
53.700000	0.000000
53.800000	0.000000
53.900000	0.000000
54.000000	0.000000
54.100000	0.000000
54.200000	0.000000
54.300000	0.000000
54.400000	0.000000
54.500000	0.000000
54.600000	0.000000
54.700000	0.000000
54.800000	0.000000
54.900000	0.000000
55.000000	0.000000
55.100000	0.000000
55.200000	0.000000
55.300000	0.000000
55.400000	0.000000
55.500000	0.000000
55.600000	0.000000
55.700000	0.000000
55.800000	0.000000
55.900000	0.000000
56.000000	0.000000
56.100000	0.000000
56.200000	0.000000
56.300000	0.000000
56.400000	0.000000
56.500000	0.000000
56.600000	0.000000
56.700000	0.000000
56.800000	0.000000
56.900000	0.000000
57.000000	0.000000
57.100000	0.000000
57.200000	0.000000
57.300000	0.000000
57.400000	0.000000
57.500000	0.000000
57.600000	0.000000
57.700000	0.000000
57.800000	0.000000
57.900000	0.000000
58.000000	0.000000
58.100000	0.000000
58.200000	0.000000
58.300000	0.000000
58.400000	0.000000
58.500000	0.000000
58.600000	0.000000
58.700000	0.000000
58.800000	0.000000
58.900000	0.000000
59.000000	0.000000
59.100000	0.000000
59.200000	0.000000
59.300000	0.000000
59.400000	0.000000
59.500000	0.000000
59.600000	0.000000
59.700000	0.000000
59.800000	0.000000
59.900000	0.000000
60.000000	0.000000
60.100000	0.000000
60.200000	0.000000
60.300000	0.000000
60.400000	0.000000
60.500000	0.000000
60.600000	0.000000
60.700000	0.000000
60.800000	0.000000
60.900000	0.000000
61.000000	0.000000
61.100000	0.000000
61.200000	0.000000
61.300000	0.000000
61.400000	0.000000
61.500000	0.000000
61.600000	0.000000
61.700000	0.000000
61.800000	0.000000
61.900000	0.000000
62.000000	0.000000
62.100000	0.000000
62.200000	0.000000
62.300000	0.000000
62.400000	0.000000
62.500000	0.000000
62.600000	0.000000
62.700000	0.000000
62.800000	0.000000
62.900000	0.000000
63.000000	0.000000
63.100000	0.000000
63.200000	0.000000
63.300000	0.000000
63.400000	0.000000
63.500000	0.000000
63.600000	0.000000
63.700000	0.000000
63.800000	0.000000
63.900000	0.000000
64.000000	0.000000
64.100000	0.000000
64.200000	0.000000
64.300000	0.000000
64.400000	0.000000
64.500000	0.000000
64.600000	0.000000
64.700000	0.000000
64.800000	0.000000
64.900000	0.000000
65.000000	0.000000
65.100000	0.000000
65.200000	0.000000
65.300000	0.000000
65.400000	0.000000
65.500000	0.000000
65.600000	0.000000
65.700000	0.000000
65.800000	0.000000
65.900000	0.000000
66.000000	0.000000
66.100000	0.000000
66.200000	0.000000
66.300000	0.000000
66.400000	0.000000
66.500000	0.000000
66.600000	0.000000
66.700000	0.000000
66.800000	0.000000
66.900000	0.000000
67.000000	0.000000
67.100000	0.000000
67.200000	0.000000
67.300000	0.000000
67.400000	0.000000
67.500000	0.000000
67.600000	0.000000
67.700000	0.000000
67.800000	0.000000
67.900000	0.000000
68.000000	0.000000
68.100000	0.000000
68.200000	0.000000
68.300000	0.000000
68.400000	0.000000
68.500000	0.000000
68.600000	0.000000
68.700000	0.000000
68.800000	0.000000
68.900000	0.000000
69.000000	0.000000
69.100000	0.000000
69.200000	0.000000
69.300000	0.000000
69.400000	0.000000
69.500000	0.000000
69.600000	0.000000
69.700000	0.000000
69.800000	0.000000
69.900000	0.000000
70.000000	0.000000
70.100000	0.000000
70.200000	0.000000
70.300000	0.000000
70.400000	0.000000
70.500000	0.000000
70.600000	0.000000
70.700000	0.000000
70.800000	0.000000
70.900000	0.000000
71.000000	0.000000
71.100000	0.000000
71.200000	0.000000
71.300000	0.000000
71.400000	0.000000
71.500000	0.000000
71.600000	0.000000
71.700000	0.000000
71.800000	0.000000
71.900000	0.000000
72.000000	0.000000
72.100000	0.000000
72.200000	0.000000
72.300000	0.000000
72.400000	0.000000
72.500000	0.000000
72.600000	0.000000
72.700000	0.000000
72.800000	0.000000
72.900000	0.000000
73.000000	0.000000
73.100000	0.000000
73.200000	0.000000
73.300000	0.000000
73.400000	0.000000
73.500000	0.000000
73.600000	0.000000
73.700000	0.000000
73.800000	0.000000
73.900000	0.000000
74.000000	0.000000
74.100000	0.000000
74.200000	0.000000
74.300000	0.000000
74.400000	0.000000
74.500000	0.000000
74.600000	0.000000
74.700000	0.000000
74.800000	0.000000
74.900000	0.000000
75.000000	0.000000
75.100000	0.000000
75.200000	0.000000
75.300000	0.000000
75.400000	0.000000
75.500000	0.000000
75.600000	0.000000
75.700000	0.000000
75.800000	0.000000
75.900000	0.000000
76.000000	0.000000
76.100000	0.000000
76.200000	0.000000
76.300000	0.000000
76.400000	0.000000
76.500000	0.000000
76.600000	0.000000
76.700000	0.000000
76.800000	0.000000
76.900000	0.000000
77.000000	0.000000
77.100000	0.000000
77.200000	0.000000
77.300000	0.000000
77.400000	0.000000
77.500000	0.000000
77.600000	0.000000
77.700000	0.000000
77.800000	0.000000
77.900000	0.000000
78.000000	0.000000
78.100000	0.000000
78.200000	0.000000
78.300000	0.000000
78.400000	0.000000
78.500000	0.000000
78.600000	0.000000
78.700000	0.000000
78.800000	0.000000
78.900000	0.000000
79.000000	0.000000
79.100000	0.000000
79.200000	0.000000
79.300000	0.000000
79.400000	0.000000
79.500000	0.000000
79.600000	0.000000
79.700000	0.000000
79.800000	0.000000
79.900000	0.000000
80.000000	0.000000
80.100000	0.000000
80.200000	0.000000
80.300000	0.000000
80.400000	0.000000
80.500000	0.000000
80.600000	0.000000
80.700000	0.000000
80.800000	0.000000
80.900000	0.000000
81.000000	0.000000
81.100000	0.000000
81.200000	0.000000
81.300000	0.000000
81.400000	0.000000
81.500000	0.000000
81.600000	0.000000
81.700000	0.000000
81.800000	0.000000
81.900000	0.000000
82.000000	0.000000
82.100000	0.000000
82.200000	0.000000
82.300000	0.000000
82.400000	0.000000
82.500000	0.000000
82.600000	0.000000
82.700000	0.000000
82.800000	0.000000
82.900000	0.000000
83.000000	0.000000
83.100000	0.000000
83.200000	0.000000
83.300000	0.000000
83.400000	0.000000
83.500000	0.000000
83.600000	0.000000
83.700000	0.000000
83.800000	0.000000
83.900000	0.000000
84.000000	0.000000
84.100000	0.000000
84.200000	0.000000
84.300000	0.000000
84.400000	0.000000
84.500000	0.000000
84.600000	0.000000
84.700000	0.000000
84.800000	0.000000
84.900000	0.000000
85.000000	0.000000
85.100000	0.000000
85.200000	0.000000
85.300000	0.000000
85.400000	0.000000
85.500000	0.000000
85.600000	0.000000
85.700000	0.000000
85.800000	0.000000
85.900000	0.000000
86.000000	0.000000
86.100000	0.000000
86.200000	0.000000
86.300000	0.000000
86.400000	0.000000
86.500000	0.000000
86.600000	0.000000
86.700000	0.000000
86.800000	0.000000
86.900000	0.000000
87.000000	0.000000
87.100000	0.000000
87.200000	0.000000
87.300000	0.000000
87.400000	0.000000
87.500000	0.000000
87.600000	0.000000
87.700000	0.000000
87.800000	0.000000
87.900000	0.000000
88.000000	0.000000
88.100000	0.000000
88.200000	0.000000
88.300000	0.000000
88.400000	0.000000
88.500000	0.000000
88.600000	0.000000
88.700000	0.000000
88.800000	0.000000
88.900000	0.000000
89.000000	0.000000
89.100000	0.000000
89.200000	0.000000
89.300000	0.000000
89.400000	0.000000
89.500000	0.000000
89.600000	0.000000
89.700000	0.000000
89.800000	0.000000
89.900000	0.000000
90.000000	0.000000
90.100000	0.000000
90.200000	0.000000
90.300000	0.000000
90.400000	0.000000
90.500000	0.000000
90.600000	0.000000
90.700000	0.000000
90.800000	0.000000
90.900000	0.000000
91.000000	0.000000
91.100000	0.000000
91.200000	0.000000
91.300000	0.000000
91.400000	0.000000
91.500000	0.000000
91.600000	0.000000
91.700000	0.000000
91.800000	0.000000
91.900000	0.000000
92.000000	0.000000
92.100000	0.000000
92.200000	0.000000
92.300000	0.000000
92.400000	0.000000
92.500000	0.000000
92.600000	0.000000
92.700000	0.000000
92.800000	0.000000
92.900000	0.000000
93.000000	0.000000
93.100000	0.000000
93.200000	0.000000
93.300000	0.000000
93.400000	0.000000
93.500000	0.000000
93.600000	0.000000
93.700000	0.000000
93.800000	0.000000
93.900000	0.000000
94.000000	0.000000
94.100000	0.000000
94.200000	0.000000
94.300000	0.000000
94.400000	0.000000
94.500000	0.000000
94.600000	0.000000
94.700000	0.000000
94.800000	0.000000
94.900000	0.000000
95.000000	0.000000
95.100000	0.000000
95.200000	0.000000
95.300000	0.000000
95.400000	0.000000
95.500000	0.000000
95.600000	0.000000
95.700000	0.000000
95.800000	0.000000
95.900000	0.000000
96.000000	0.000000
96.100000	0.000000
96.200000	0.000000
96.300000	0.000000
96.400000	0.000000
96.500000	0.000000
96.600000	0.000000
96.700000	0.000000
96.800000	0.000000
96.900000	0.000000
97.000000	0.000000
97.100000	0.000000
97.200000	0.000000
97.300000	0.000000
97.400000	0.000000
97.500000	0.000000
97.600000	0.000000
97.700000	0.000000
97.800000	0.000000
97.900000	0.000000
98.000000	0.000000
98.100000	0.000000
98.200000	0.000000
98.300000	0.000000
98.400000	0.000000
98.500000	0.000000
98.600000	0.000000
98.700000	0.000000
98.800000	0.000000
98.900000	0.000000
99.000000	0.000000
99.100000	0.000000
99.200000	0.000000
99.300000	0.000000
99.400000	0.000000
99.500000	0.000000
99.600000	0.000000
99.700000	0.000000
99.800000	0.000000
99.900000	0.000000
100.000000	0.000000
