0.000000	0.060302
0.100000	0.065353
0.200000	0.070689
0.300000	0.076310
0.400000	0.082216
0.500000	0.088405
0.600000	0.094871
0.700000	0.101609
0.800000	0.108614
0.900000	0.115877
1.000000	0.123390
1.100000	0.131142
1.200000	0.139124
1.300000	0.147324
1.400000	0.155731
1.500000	0.164332
1.600000	0.173116
1.700000	0.182071
1.800000	0.191184
1.900000	0.200444
2.000000	0.209839
2.100000	0.219358
2.200000	0.228990
2.300000	0.238725
2.400000	0.248551
2.500000	0.258461
2.600000	0.268444
2.700000	0.278492
2.800000	0.288596
2.900000	0.298749
3.000000	0.308943
3.100000	0.319171
3.200000	0.329426
3.300000	0.339701
3.400000	0.349991
3.500000	0.360289
3.600000	0.370590
3.700000	0.380888
3.800000	0.391178
3.900000	0.401454
4.000000	0.411711
4.100000	0.421945
4.200000	0.432150
4.300000	0.442322
4.400000	0.452457
4.500000	0.462548
4.600000	0.472593
4.700000	0.482586
4.800000	0.492523
4.900000	0.502401
5.000000	0.512214
5.100000	0.521959
5.200000	0.531631
5.300000	0.541227
5.400000	0.550744
5.500000	0.560176
5.600000	0.569522
5.700000	0.578776
5.800000	0.587936
5.900000	0.597000
6.000000	0.605962
6.100000	0.614821
6.200000	0.623574
6.300000	0.632218
6.400000	0.640751
6.500000	0.649170
6.600000	0.657473
6.700000	0.665658
6.800000	0.673724
6.900000	0.681667
7.000000	0.689488
7.100000	0.697184
7.200000	0.704755
7.300000	0.712198
7.400000	0.719514
7.500000	0.726702
7.600000	0.733761
7.700000	0.740690
7.800000	0.747489
7.900000	0.754159
8.000000	0.760699
8.100000	0.767109
8.200000	0.773390
8.300000	0.779541
8.400000	0.785564
8.500000	0.791460
8.600000	0.797228
8.700000	0.802870
8.800000	0.808386
8.900000	0.813778
9.000000	0.819048
9.100000	0.824195
9.200000	0.829221
9.300000	0.834129
9.400000	0.838919
9.500000	0.843592
9.600000	0.848151
9.700000	0.852596
9.800000	0.856931
9.900000	0.861155
10.000000	0.865272
10.100000	0.869282
10.200000	0.873189
10.300000	0.876992
10.400000	0.880695
10.500000	0.884299
10.600000	0.887806
10.700000	0.891219
10.800000	0.894538
10.900000	0.897766
11.000000	0.900904
11.100000	0.903955
11.200000	0.906921
11.300000	0.909803
11.400000	0.912603
11.500000	0.915323
11.600000	0.917965
11.700000	0.920531
11.800000	0.923023
11.900000	0.925442
12.000000	0.927790
12.100000	0.930069
12.200000	0.932281
12.300000	0.934427
12.400000	0.936509
12.500000	0.938529
12.600000	0.940488
12.700000	0.942388
12.800000	0.944230
12.900000	0.946017
13.000000	0.947749
13.100000	0.949428
13.200000	0.951056
13.300000	0.952633
13.400000	0.954162
13.500000	0.955643
13.600000	0.957079
13.700000	0.958469
13.800000	0.959817
13.900000	0.961122
14.000000	0.962386
14.100000	0.963611
14.200000	0.964797
14.300000	0.965945
14.400000	0.967057
14.500000	0.968134
14.600000	0.969177
14.700000	0.970186
14.800000	0.971164
14.900000	0.972110
15.000000	0.973025
15.100000	0.973912
15.200000	0.974770
15.300000	0.975600
15.400000	0.976403
15.500000	0.977181
15.600000	0.977934
15.700000	0.978662
15.800000	0.979366
15.900000	0.980048
16.000000	0.980708
16.100000	0.981346
16.200000	0.981963
16.300000	0.982561
16.400000	0.983138
16.500000	0.983697
16.600000	0.984238
16.700000	0.984761
16.800000	0.985267
16.900000	0.985756
17.000000	0.986229
17.100000	0.986687
17.200000	0.987130
17.300000	0.987558
17.400000	0.987972
17.500000	0.988372
17.600000	0.988759
17.700000	0.989134
17.800000	0.989496
17.900000	0.989846
18.000000	0.990184
18.100000	0.990512
18.200000	0.990828
18.300000	0.991134
18.400000	0.991430
18.500000	0.991716
18.600000	0.991993
18.700000	0.992260
18.800000	0.992519
18.900000	0.992769
19.000000	0.993011
19.100000	0.993244
19.200000	0.993470
19.300000	0.993688
19.400000	0.993900
19.500000	0.994104
19.600000	0.994301
19.700000	0.994492
19.800000	0.994676
19.900000	0.994854
20.000000	0.995027
20.100000	0.995193
20.200000	0.995354
20.300000	0.995510
20.400000	0.995660
20.500000	0.995806
20.600000	0.995946
20.700000	0.996082
20.800000	0.996213
20.900000	0.996340
21.000000	0.996463
21.100000	0.996581
21.200000	0.996696
21.300000	0.996807
21.400000	0.996914
21.500000	0.997017
21.600000	0.997117
21.700000	0.997214
21.800000	0.997308
21.900000	0.997398
22.000000	0.997485
22.100000	0.997570
22.200000	0.997651
22.300000	0.997730
22.400000	0.997806
22.500000	0.997880
22.600000	0.997951
22.700000	0.998020
22.800000	0.998086
22.900000	0.998150
23.000000	0.998213
23.100000	0.998273
23.200000	0.998331
23.300000	0.998387
23.400000	0.998441
23.500000	0.998493
23.600000	0.998544
23.700000	0.998593
23.800000	0.998640
23.900000	0.998686
24.000000	0.998730
24.100000	0.998772
24.200000	0.998814
24.300000	0.998854
24.400000	0.998892
24.500000	0.998929
24.600000	0.998965
24.700000	0.999000
24.800000	0.999034
24.900000	0.999066
25.000000	0.999097
25.100000	0.999128
25.200000	0.999157
25.300000	0.999185
25.400000	0.999213
25.500000	0.999239
25.600000	0.999265
25.700000	0.999289
25.800000	0.999313
25.900000	0.999336
26.000000	0.999359
26.100000	0.999380
26.200000	0.999401
26.300000	0.999421
26.400000	0.999441
26.500000	0.999459
26.600000	0.999478
26.700000	0.999495
26.800000	0.999512
26.900000	0.999529
27.000000	0.999544
27.100000	0.999560
27.200000	0.999575
27.300000	0.999589
27.400000	0.999603
27.500000	0.999616
27.600000	0.999629
27.700000	0.999641
27.800000	0.999653
27.900000	0.999665
28.000000	0.999676
28.100000	0.999687
28.200000	0.999698
28.300000	0.999708
28.400000	0.999718
28.500000	0.999727
28.600000	0.999736
28.700000	0.999745
28.800000	0.999754
28.900000	0.999762
29.000000	0.999770
29.100000	0.999778
29.200000	0.999785
29.300000	0.999792
29.400000	0.999799
29.500000	0.999806
29.600000	0.999813
29.700000	0.999819
29.800000	0.999825
29.900000	0.999831
30.000000	0.999837
30.100000	0.999842
30.200000	0.999847
30.300000	0.999853
30.400000	0.999858
30.500000	0.999862
30.600000	0.999867
30.700000	0.999871
30.800000	0.999876
30.900000	0.999880
31.000000	0.999884
31.100000	0.999888
31.200000	0.999892
31.300000	0.999895
31.400000	0.999899
31.500000	0.999902
31.600000	0.999905
31.700000	0.999909
31.800000	0.999912
31.900000	0.999915
32.000000	0.999918
32.100000	0.999920
32.200000	0.999923
32.300000	0.999926
32.400000	0.999928
32.500000	0.999931
32.600000	0.999933
32.700000	0.999935
32.800000	0.999937
32.900000	0.999939
33.000000	0.999941
33.100000	0.999943
33.200000	0.999945
33.300000	0.999947
33.400000	0.999949
33.500000	0.999951
33.600000	0.999952
33.700000	0.999954
33.800000	0.999955
33.900000	0.999957
34.000000	0.999958
34.100000	0.999960
34.200000	0.999961
34.300000	0.999962
34.400000	0.999964
34.500000	0.999965
34.600000	0.999966
34.700000	0.999967
34.800000	0.999968
34.900000	0.999969
35.000000	0.999970
35.100000	0.999971
35.200000	0.999972
35.300000	0.999973
35.400000	0.999974
35.500000	0.999975
35.600000	0.999976
35.700000	0.999977
35.800000	0.999978
35.900000	0.999978
36.000000	0.999979
36.100000	0.999980
36.200000	0.999980
36.300000	0.999981
36.400000	0.999982
36.500000	0.999982
36.600000	0.999983
36.700000	0.999983
36.800000	0.999984
36.900000	0.999985
37.000000	0.999985
37.100000	0.999986
37.200000	0.999986
37.300000	0.999987
37.400000	0.999987
37.500000	0.999987
37.600000	0.999988
37.700000	0.999988
37.800000	0.999989
37.900000	0.999989
38.000000	0.999989
38.100000	0.999990
38.200000	0.999990
38.300000	0.999990
38.400000	0.999991
38.500000	0.999991
38.600000	0.999991
38.700000	0.999992
38.800000	0.999992
38.900000	0.999992
39.000000	0.999992
39.100000	0.999993
39.200000	0.999993
39.300000	0.999993
39.400000	0.999993
39.500000	0.999994
39.600000	0.999994
39.700000	0.999994
39.800000	0.999994
39.900000	0.999994
40.000000	0.999995
40.100000	0.999995
40.200000	0.999995
40.300000	0.999995
40.400000	0.999995
40.500000	0.999995
40.600000	0.999996
40.700000	0.999996
40.800000	0.999996
40.900000	0.999996
41.000000	0.999996
41.100000	0.999996
41.200000	0.999996
41.300000	0.999997
41.400000	0.999997
41.500000	0.999997
41.600000	0.999997
41.700000	0.999997
41.800000	0.999997
41.900000	0.999997
42.000000	0.999997
42.100000	0.999997
42.200000	0.999997
42.300000	0.999998
42.400000	0.999998
42.500000	0.999998
42.600000	0.999998
42.700000	0.999998
42.800000	0.999998
42.900000	0.999998
43.000000	0.999998
43.100000	0.999998
43.200000	0.999998
43.300000	0.999998
43.400000	0.999998
43.500000	0.999998
43.600000	0.999998
43.700000	0.999998
43.800000	0.999999
43.900000	0.999999
44.000000	0.999999
44.100000	0.999999
44.200000	0.999999
44.300000	0.999999
44.400000	0.999999
44.500000	0.999999
44.600000	0.999999
44.700000	0.999999
44.800000	0.999999
44.900000	0.999999
45.000000	0.999999
45.100000	0.999999
45.200000	0.999999
45.300000	0.999999
45.400000	0.999999
45.500000	0.999999
45.600000	0.999999
45.700000	0.999999
45.800000	0.999999
45.900000	0.999999
46.000000	0.999999
46.100000	0.999999
46.200000	0.999999
46.300000	0.999999
46.400000	0.999999
46.500000	0.999999
46.600000	0.999999
46.700000	0.999999
46.800000	0.999999
46.900000	0.999999
47.000000	1.000000
47.100000	1.000000
47.200000	1.000000
47.300000	1.000000
47.400000	1.000000
47.500000	1.000000
47.600000	1.000000
47.700000	1.000000
47.800000	1.000000
47.900000	1.000000
48.000000	1.000000
48.100000	1.000000
48.200000	1.000000
48.300000	1.000000
48.400000	1.000000
48.500000	1.000000
48.600000	1.000000
48.700000	1.000000
48.800000	1.000000
48.900000	1.000000
49.000000	1.000000
49.100000	1.000000
49.200000	1.000000
49.300000	1.000000
49.400000	1.000000
49.500000	1.000000
49.600000	1.000000
49.700000	1.000000
49.800000	1.000000
49.900000	1.000000
50.000000	1.000000
50.100000	1.000000
50.200000	1.000000
50.300000	1.000000
50.400000	1.000000
50.500000	1.000000
50.600000	1.000000
50.700000	1.000000
50.800000	1.000000
50.900000	1.000000
51.000000	1.000000
51.100000	1.000000
51.200000	1.000000
51.300000	1.000000
51.400000	1.000000
51.500000	1.000000
51.600000	1.000000
51.700000	1.000000
51.800000	1.000000
51.900000	1.000000
52.000000	1.000000
52.100000	1.000000
52.200000	1.000000
52.300000	1.000000
52.400000	1.000000
52.500000	1.000000
52.600000	1.000000
52.700000	1.000000
52.800000	1.000000
52.900000	1.000000
53.000000	1.000000
53.100000	1.000000
53.200000	1.000000
53.300000	1.000000
53.400000	1.000000
53.500000	1.000000
53.600000	1.000000
53.700000	1.000000
53.800000	1.000000
53.900000	1.000000
54.000000	1.000000
54.100000	1.000000
54.200000	1.000000
54.300000	1.000000
54.400000	1.000000
54.500000	1.000000
54.600000	1.000000
54.700000	1.000000
54.800000	1.000000
54.900000	1.000000
55.000000	1.000000
55.100000	1.000000
55.200000	1.000000
55.300000	1.000000
55.400000	1.000000
55.500000	1.000000
55.600000	1.000000
55.700000	1.000000
55.800000	1.000000
55.900000	1.000000
56.000000	1.000000
56.100000	1.000000
56.200000	1.000000
56.300000	1.000000
56.400000	1.000000
56.500000	1.000000
56.600000	1.000000
56.700000	1.000000
56.800000	1.000000
56.900000	1.000000
57.000000	1.000000
57.100000	1.000000
57.200000	1.000000
57.300000	1.000000
57.400000	1.000000
57.500000	1.000000
57.600000	1.000000
57.700000	1.000000
57.800000	1.000000
57.900000	1.000000
58.000000	1.000000
58.100000	1.000000
58.200000	1.000000
58.300000	1.000000
58.400000	1.000000
58.500000	1.000000
58.600000	1.000000
58.700000	1.000000
58.800000	1.000000
58.900000	1.000000
59.000000	1.000000
59.100000	1.000000
59.200000	1.000000
59.300000	1.000000
59.400000	1.000000
59.500000	1.000000
59.600000	1.000000
59.700000	1.000000
59.800000	1.000000
59.900000	1.000000
60.000000	1.000000
60.100000	1.000000
60.200000	1.000000
60.300000	1.000000
60.400000	1.000000
60.500000	1.000000
60.600000	1.000000
60.700000	1.000000
60.800000	1.000000
60.900000	1.000000
61.000000	1.000000
61.100000	1.000000
61.200000	1.000000
61.300000	1.000000
61.400000	1.000000
61.500000	1.000000
61.600000	1.000000
61.700000	1.000000
61.800000	1.000000
61.900000	1.000000
62.000000	1.000000
62.100000	1.000000
62.200000	1.000000
62.300000	1.000000
62.400000	1.000000
62.500000	1.000000
62.600000	1.000000
62.700000	1.000000
62.800000	1.000000
62.900000	1.000000
63.000000	1.000000
63.100000	1.000000
63.200000	1.000000
63.300000	1.000000
63.400000	1.000000
63.500000	1.000000
63.600000	1.000000
63.700000	1.000000
63.800000	1.000000
63.900000	1.000000
64.000000	1.000000
64.100000	1.000000
64.200000	1.000000
64.300000	1.000000
64.400000	1.000000
64.500000	1.000000
64.600000	1.000000
64.700000	1.000000
64.800000	1.000000
64.900000	1.000000
65.000000	1.000000
65.100000	1.000000
65.200000	1.000000
65.300000	1.000000
65.400000	1.000000
65.500000	1.000000
65.600000	1.000000
65.700000	1.000000
65.800000	1.000000
65.900000	1.000000
66.000000	1.000000
66.100000	1.000000
66.200000	1.000000
66.300000	1.000000
66.400000	1.000000
66.500000	1.000000
66.600000	1.000000
66.700000	1.000000
66.800000	1.000000
66.900000	1.000000
67.000000	1.000000
67.100000	1.000000
67.200000	1.000000
67.300000	1.000000
67.400000	1.000000
67.500000	1.000000
67.600000	1.000000
67.700000	1.000000
67.800000	1.000000
67.900000	1.000000
68.000000	1.000000
68.100000	1.000000
68.200000	1.000000
68.300000	1.000000
68.400000	1.000000
68.500000	1.000000
68.600000	1.000000
68.700000	1.000000
68.800000	1.000000
68.900000	1.000000
69.000000	1.000000
69.100000	1.000000
69.200000	1.000000
69.300000	1.000000
69.400000	1.000000
69.500000	1.000000
69.600000	1.000000
69.700000	1.000000
69.800000	1.000000
69.900000	1.000000
70.000000	1.000000
70.100000	1.000000
70.200000	1.000000
70.300000	1.000000
70.400000	1.000000
70.500000	1.000000
70.600000	1.000000
70.700000	1.000000
70.800000	1.000000
70.900000	1.000000
71.000000	1.000000
71.100000	1.000000
71.200000	1.000000
71.300000	1.000000
71.400000	1.000000
71.500000	1.000000
71.600000	1.000000
71.700000	1.000000
71.800000	1.000000
71.900000	1.000000
72.000000	1.000000
72.100000	1.000000
72.200000	1.000000
72.300000	1.000000
72.400000	1.000000
72.500000	1.000000
72.600000	1.000000
72.700000	1.000000
72.800000	1.000000
72.900000	1.000000
73.000000	1.000000
73.100000	1.000000
73.200000	1.000000
73.300000	1.000000
73.400000	1.000000
73.500000	1.000000
73.600000	1.000000
73.700000	1.000000
73.800000	1.000000
73.900000	1.000000
74.000000	1.000000
74.100000	1.000000
74.200000	1.000000
74.300000	1.000000
74.400000	1.000000
74.500000	1.000000
74.600000	1.000000
74.700000	1.000000
74.800000	1.000000
74.900000	1.000000
75.000000	1.000000
75.100000	1.000000
75.200000	1.000000
75.300000	1.000000
75.400000	1.000000
75.500000	1.000000
75.600000	1.000000
75.700000	1.000000
75.800000	1.000000
75.900000	1.000000
76.000000	1.000000
76.100000	1.000000
76.200000	1.000000
76.300000	1.000000
76.400000	1.000000
76.500000	1.000000
76.600000	1.000000
76.700000	1.000000
76.800000	1.000000
76.900000	1.000000
77.000000	1.000000
77.100000	1.000000
77.200000	1.000000
77.300000	1.000000
77.400000	1.000000
77.500000	1.000000
77.600000	1.000000
77.700000	1.000000
77.800000	1.000000
77.900000	1.000000
78.000000	1.000000
78.100000	1.000000
78.200000	1.000000
78.300000	1.000000
78.400000	1.000000
78.500000	1.000000
78.600000	1.000000
78.700000	1.000000
78.800000	1.000000
78.900000	1.000000
79.000000	1.000000
79.100000	1.000000
79.200000	1.000000
79.300000	1.000000
79.400000	1.000000
79.500000	1.000000
79.600000	1.000000
79.700000	1.000000
79.800000	1.000000
79.900000	1.000000
80.000000	1.000000
80.100000	1.000000
80.200000	1.000000
80.300000	1.000000
80.400000	1.000000
80.500000	1.000000
80.600000	1.000000
80.700000	1.000000
80.800000	1.000000
80.900000	1.000000
81.000000	1.000000
81.100000	1.000000
81.200000	1.000000
81.300000	1.000000
81.400000	1.000000
81.500000	1.000000
81.600000	1.000000
81.700000	1.000000
81.800000	1.000000
81.900000	1.000000
82.000000	1.000000
82.100000	1.000000
82.200000	1.000000
82.300000	1.000000
82.400000	1.000000
82.500000	1.000000
82.600000	1.000000
82.700000	1.000000
82.800000	1.000000
82.900000	1.000000
83.000000	1.000000
83.100000	1.000000
83.200000	1.000000
83.300000	1.000000
83.400000	1.000000
83.500000	1.000000
83.600000	1.000000
83.700000	1.000000
83.800000	1.000000
83.900000	1.000000
84.000000	1.000000
84.100000	1.000000
84.200000	1.000000
84.300000	1.000000
84.400000	1.000000
84.500000	1.000000
84.600000	1.000000
84.700000	1.000000
84.800000	1.000000
84.900000	1.000000
85.000000	1.000000
85.100000	1.000000
85.200000	1.000000
85.300000	1.000000
85.400000	1.000000
85.500000	1.000000
85.600000	1.000000
85.700000	1.000000
85.800000	1.000000
85.900000	1.000000
86.000000	1.000000
86.100000	1.000000
86.200000	1.000000
86.300000	1.000000
86.400000	1.000000
86.500000	1.000000
86.600000	1.000000
86.700000	1.000000
86.800000	1.000000
86.900000	1.000000
87.000000	1.000000
87.100000	1.000000
87.200000	1.000000
87.300000	1.000000
87.400000	1.000000
87.500000	1.000000
87.600000	1.000000
87.700000	1.000000
87.800000	1.000000
87.900000	1.000000
88.000000	1.000000
88.100000	1.000000
88.200000	1.000000
88.300000	1.000000
88.400000	1.000000
88.500000	1.000000
88.600000	1.000000
88.700000	1.000000
88.800000	1.000000
88.900000	1.000000
89.000000	1.000000
89.100000	1.000000
89.200000	1.000000
89.300000	1.000000
89.400000	1.000000
89.500000	1.000000
89.600000	1.000000
89.700000	1.000000
89.800000	1.000000
89.900000	1.000000
90.000000	1.000000
90.100000	1.000000
90.200000	1.000000
90.300000	1.000000
90.400000	1.000000
90.500000	1.000000
90.600000	1.000000
90.700000	1.000000
90.800000	1.000000
90.900000	1.000000
91.000000	1.000000
91.100000	1.000000
91.200000	1.000000
91.300000	1.000000
91.400000	1.000000
91.500000	1.000000
91.600000	1.000000
91.700000	1.000000
91.800000	1.000000
91.900000	1.000000
92.000000	1.000000
92.100000	1.000000
92.200000	1.000000
92.300000	1.000000
92.400000	1.000000
92.500000	1.000000
92.600000	1.000000
92.700000	1.000000
92.800000	1.000000
92.900000	1.000000
93.000000	1.000000
93.100000	1.000000
93.200000	1.000000
93.300000	1.000000
93.400000	1.000000
93.500000	1.000000
93.600000	1.000000
93.700000	1.000000
93.800000	1.000000
93.900000	1.000000
94.000000	1.000000
94.100000	1.000000
94.200000	1.000000
94.300000	1.000000
94.400000	1.000000
94.500000	1.000000
94.600000	1.000000
94.700000	1.000000
94.800000	1.000000
94.900000	1.000000
95.000000	1.000000
95.100000	1.000000
95.200000	1.000000
95.300000	1.000000
95.400000	1.000000
95.500000	1.000000
95.600000	1.000000
95.700000	1.000000
95.800000	1.000000
95.900000	1.000000
96.000000	1.000000
96.100000	1.000000
96.200000	1.000000
96.300000	1.000000
96.400000	1.000000
96.500000	1.000000
96.600000	1.000000
96.700000	1.000000
96.800000	1.000000
96.900000	1.000000
97.000000	1.000000
97.100000	1.000000
97.200000	1.000000
97.300000	1.000000
97.400000	1.000000
97.500000	1.000000
97.600000	1.000000
97.700000	1.000000
97.800000	1.000000
97.900000	1.000000
98.000000	1.000000
98.100000	1.000000
98.200000	1.000000
98.300000	1.000000
98.400000	1.000000
98.500000	1.000000
98.600000	1.000000
98.700000	1.000000
98.800000	1.000000
98.900000	1.000000
99.000000	1.000000
99.100000	1.000000
99.200000	1.000000
99.300000	1.000000
99.400000	1.000000
99.500000	1.000000
99.600000	1.000000
99.700000	1.000000
99.800000	1.000000
99.900000	1.000000
100.000000	1.000000
